2 0.21792701792701794 0.2936781609195402 0.36479206479206483 0.4489224137931033
10 0.5893484393484393 0.5864583333333333 0.26471926471926477 0.23089080459770114
10 0.49418509418509415 0.36853448275862066 0.24574574574574565 0.16515804597701148
10 0.7053326053326053 0.3744971264367816 0.17505687505687512 0.227801724137931
1 0.732077532077532 0.5517241379310345 0.16521976521976542 0.22614942528735646
15 0.44933569933569933 0.22683189655172414 0.09636909636909638 0.07025862068965516
15 0.5813313313313313 0.22719109195402296 0.11760851760851762 0.11350574712643682
15 0.4163982163982164 0.7102011494252873 0.10901810901810904 0.11408045977011508
15 0.2728501228501229 0.6238146551724137 0.12878332878332877 0.12816091954022996
3 0.6094458094458094 0.8238505747126437 0.14851214851214856 0.13793103448275862
3 0.15217945217945217 0.6637212643678162 0.11386841386841388 0.10682471264367803
3 0.1347028847028847 0.552191091954023 0.12621712621712622 0.11508620689655168
3 0.21591136591136592 0.7504669540229886 0.1497861497861498 0.1433908045977011
3 0.4392346892346893 0.8413433908045976 0.14991354991354994 0.1584770114942528
3 0.7304941304941306 0.7392241379310345 0.16062426062426066 0.11817528735632192
3 0.8376239876239877 0.630639367816092 0.17452907452907446 0.16530172413793112
3 0.9002730002730004 0.4821120689655173 0.19175539175539183 0.16954022988505751
3 0.9009009009009008 0.3350574712643678 0.1929747929747932 0.16853448275862065
3 0.8350122850122851 0.21289511494252872 0.16709436709436712 0.15732758620689655
3 0.7566748566748568 0.1108477011494253 0.16183456183456157 0.11609195402298852
1 0.6137774137774138 0.09281609195402299 0.15712075712075702 0.13951149425287357
1 0.7121985621985623 0.21576867816091955 0.13225953225953221 0.1035919540229885
11 0.48731458731458727 0.09159482758620689 0.1262990262990264 0.1247844827586207