2 0.8084561834561835 0.7170857279693487 0.383087633087633 0.4415708812260537
10 0.4356902356902357 0.383536877394636 0.28273728273728277 0.22612547892720306
10 0.5388524888524888 0.6120809386973179 0.2574847574847575 0.16106321839080462
10 0.32710437710437706 0.5832016283524905 0.19551369551369552 0.22442528735632183
1 0.29409864409864406 0.4033764367816092 0.18554008554008558 0.22207854406130276
15 0.5892210392210392 0.75834530651341 0.10163800163800166 0.06977969348658995
15 0.45697060697060693 0.7439295977011494 0.1265174265174265 0.11115900383141764
15 0.6053144053144053 0.27922653256704977 0.11921921921921927 0.11209291187739466
15 0.752061152061152 0.3810943486590038 0.13974883974883964 0.12540708812260531
3 0.4066657566657566 0.1446000957854406 0.15875875875875883 0.1343869731800766
3 0.8717171717171717 0.35437021072796937 0.12239512239512232 0.1046216475095785
3 0.8934889434889435 0.4677921455938697 0.13518973518973496 0.112404214559387
3 0.8040313040313041 0.26050047892720307 0.1616525616525618 0.14090038314176243
3 0.5766311766311766 0.14522270114942532 0.1638274638274639 0.15493295019157088
3 0.2881881881881882 0.2160081417624521 0.16973336973336975 0.11522988505747127
3 0.18493493493493493 0.31300287356321843 0.18883428883428882 0.16187739463601528
3 0.1275912275912276 0.45393917624521074 0.20509600509600512 0.16649904214559394
3 0.13507143507143507 0.6009818007662835 0.2001092001092001 0.16532567049808428
3 0.20273910273910273 0.7309027777777778 0.17972517972517973 0.1541666666666666
3 0.28503048503048506 0.8411997126436781 0.17088907088907085 0.11417624521072793
1 0.428997178997179 0.8746767241379311 0.16873236873236866 0.13673371647509558
1 0.3254845754845755 0.7408285440613027 0.14060424060424062 0.10174808429118773
11 0.5557557557557558 0.8895234674329502 0.13591773591773598 0.12318007662835251