2 0.6633906633906634 0.2227047413793103 0.44226044226044225 0.24784482758620688
10 0.38185503685503686 0.6043426724137931 0.20679361179361183 0.19935344827586207
10 0.6142506142506142 0.4786314655172414 0.13104422604422605 0.1957650862068965
10 0.6336977886977887 0.6636099137931035 0.22727272727272727 0.11673491379310337
1 0.4391891891891892 0.7219827586206896 0.22727272727272727 0.10775862068965517
15 0.7667936117936117 0.4112823275862069 0.05937346437346428 0.07543103448275862
15 0.7831695331695332 0.526217672413793 0.10442260442260443 0.08620689655172407
15 0.22214987714987716 0.4777262931034483 0.10851351351351349 0.07901939655172419
15 0.300982800982801 0.3358512931034483 0.11875921375921375 0.09339439655172409
3 0.11977886977886978 0.6689978448275863 0.12490171990171992 0.10955818965517249
3 0.2416093366093366 0.23796336206896554 0.09828009828009827 0.08440732758620688
3 0.3634275184275184 0.2011530172413793 0.10442260442260443 0.09339439655172416
3 0.15254299754299755 0.31160560344827587 0.1330835380835381 0.1095581896551724
3 0.07883292383292384 0.5244288793103449 0.14947174447174447 0.10775862068965524
3 0.2293243243243243 0.7578987068965518 0.09828009828009827 0.12572198275862076
3 0.36445945945945946 0.8297413793103449 0.15151105651105654 0.12931034482758622
3 0.5384889434889435 0.8584806034482758 0.15151105651105656 0.15086206896551724
3 0.7022972972972973 0.8270474137931034 0.15151105651105648 0.14547413793103448
3 0.8312899262899263 0.7444288793103448 0.1433292383292384 0.12392241379310345
3 0.9346805896805898 0.6564331896551724 0.09622850122850114 0.12751077586206888
1 0.9371375921375922 0.5280172413793104 0.12571253071253063 0.11853448275862069
1 0.8118304668304669 0.6384698275862069 0.08804668304668313 0.10237068965517242
11 0.9223955773955774 0.4175646551724138 0.1167076167076167 0.09159482758620689