12 0.5783049138247158 0.23298429319371727 0.2786303630363036 0.306282722513089
12 0.6894526952695269 0.4397905759162304 0.2651173450678402 0.25785340314136124
12 0.6049229922992299 0.5988219895287958 0.2585441877521086 0.25
12 0.49510451045104514 0.7814136125654451 0.2521635496883022 0.24607329842931938
12 0.3170700403373671 0.7650523560209425 0.2443711037770444 0.21335078534031413
12 0.4224055738907224 0.5981675392670157 0.2154565456545654 0.20418848167539266
12 0.4922121378804547 0.43651832460732987 0.23517601760176018 0.22774869109947643
12 0.3214704803813715 0.3723821989528796 0.20078841217455073 0.3089005235602094
12 0.2842867620095343 0.56282722513089 0.21057022368903558 0.2054973821989529
12 0.1991107444077741 0.6845549738219895 0.2449303263659699 0.25
12 0.10898881554822148 0.5916230366492147 0.21005683901723507 0.1950261780104712
12 0.14763476347634763 0.39659685863874344 0.2665291529152915 0.28664921465968585