12 0.7646782178217822 0.5422643979057592 0.25283415841584156 0.23185863874345547
12 0.595829207920792 0.7077356020942409 0.20508663366336632 0.22998691099476445
12 0.43404702970297027 0.6581937172774869 0.19978960396039597 0.2243848167539268
12 0.2448762376237624 0.5880759162303665 0.19624999999999995 0.2187696335078534
12 0.22631188118811882 0.4001439790575916 0.1662004950495049 0.21689790575916235
12 0.3995792079207921 0.46840314136125655 0.162660891089109 0.18886125654450256
12 0.5613490099009901 0.5020549738219895 0.1821039603960396 0.20380890052356027
12 0.5878712871287128 0.3094633507853403 0.2705074257425742 0.14397905759162305
12 0.4057673267326733 0.3169371727748691 0.16443069306930694 0.18137434554973816
12 0.2775866336633664 0.2580366492146597 0.2015594059405941 0.2094240837696335
12 0.3456559405940594 0.14117801047120418 0.15382425742574257 0.18511780104712042
12 0.5330569306930694 0.1346335078534031 0.23514851485148522 0.2243848167539267