15 0.331306990881459 0.11966604823747681 0.1519756838905775 0.1280148423005566
15 0.21048632218844984 0.24582560296846012 0.16869300911854104 0.15398886827458255
15 0.13297872340425532 0.4582560296846011 0.1838905775075988 0.19666048237476808
15 0.34422492401215804 0.41187384044526903 0.17477203647416414 0.15955473098330242
15 0.4270516717325228 0.24768089053803338 0.1519756838905775 0.1280148423005566
15 0.5037993920972644 0.11781076066790352 0.12613981762917933 0.1280148423005566
15 0.2887537993920973 0.6539888682745826 0.22796352583586627 0.2653061224489796
15 0.5364741641337386 0.7458256029684601 0.22796352583586627 0.34137291280148424
15 0.53419452887538 0.4647495361781076 0.20820668693009117 0.20964749536178107
15 0.7522796352583586 0.575139146567718 0.23708206686930092 0.274582560296846
15 0.8092705167173252 0.4072356215213358 0.26595744680851063 0.16512059369202226
15 0.8031914893617021 0.23840445269016697 0.1656534954407295 0.14656771799628943
15 0.6124620060790273 0.2912801484230056 0.182370820668693 0.20037105751391465
15 0.6633738601823708 0.14656771799628943 0.15653495440729484 0.18181818181818182