1 0.16328850855745722 0.6564855072463769 0.17639364303178479 0.19150966183574872
1 0.35277506112469437 0.8264371980676328 0.20957212713936427 0.17597826086956525
3 0.5012224938875306 0.6047222222222223 0.1292298288508558 0.15700483091787445
10 0.5955256723716381 0.17857487922705315 0.1781295843520783 0.15010869565217394
10 0.8601100244498778 0.3847463768115942 0.2113202933985329 0.1932367149758454
2 0.6121149144254279 0.6564855072463769 0.04017114914425429 0.20185990338164256
15 0.28030562347188265 0.43478260869565216 0.23925427872860633 0.2484420289855073
3 0.4322371638141809 0.2820893719806763 0.11352078239608804 0.12939613526570046
3 0.6191075794621027 0.4227053140096618 0.17289731051344737 0.20013285024154595
1 0.7675550122249389 0.23378019323671498 0.10304400977995105 0.08108695652173911
1 0.406919315403423 0.14407004830917874 0.097799511002445 0.08799516908212558
1 0.2628361858190709 0.2432729468599034 0.14844743276283623 0.11387681159420292
12 0.5728239608801955 0.7971014492753623 0.22004889975550115 0.1966908212560388
2 0.8409046454767727 0.5641787439613526 0.20084352078239603 0.15182367149758458
1 0.7317481662591687 0.6573550724637681 0.16765281173594143 0.2208454106280194
1 0.12749388753056237 0.3700845410628019 0.1466992665036675 0.10524154589371978