10 0.42328347578347575 0.5251113861386139 0.40292735042735045 0.5091955445544554
0 0.4156481481481482 0.38985148514851486 0.18009971509971506 0.19978960396039608
1 0.08953703703703703 0.2855321782178218 0.10175213675213676 0.12199257425742574
1 0.22385327635327637 0.27758663366336633 0.08343304843304843 0.04596534653465345
1 0.35306980056980053 0.2192326732673267 0.11599715099715101 0.07425742574257425
1 0.5153632478632479 0.1909529702970297 0.1251495726495727 0.15205445544554458
1 0.6761324786324786 0.19801980198019803 0.13532763532763534 0.11315594059405941
15 0.7127564102564102 0.3765965346534654 0.11497863247863244 0.24398514851485148
1 0.8899572649572649 0.5612623762376238 0.22008547008547008 0.5358910891089109
4 0.2325 0.1051980198019802 0.13532763532763534 0.15735148514851482
4 0.4075071225071225 0.08398514851485149 0.20451566951566955 0.1467450495049505
4 0.8742877492877493 0.11386138613861387 0.1517094017094017 0.22772277227722773