6 0.126806684733514 0.6677449168207024 0.22321589882565493 0.16266173752310537
6 0.2591011743450768 0.7865064695009242 0.25813008130081305 0.20794824399260628
6 0.5709349593495935 0.5531423290203327 0.1344173441734418 0.10258780036968576
6 0.7370822041553748 0.6561922365988909 0.1948961156278229 0.13493530499075784
6 0.6984191508581752 0.45286506469500926 0.1542908762420957 0.10628465804066543
6 0.869873532068654 0.5203327171903882 0.13265582655826563 0.09704251386321626
1 0.7461833785004518 0.5568391866913124 0.2172990063233966 0.13955637707948243
1 0.15661698283649503 0.5499075785582255 0.19679313459801265 0.1044362292051756
1 0.4190379403794038 0.7597042513863216 0.12999096657633244 0.10720887245841035
6 0.33620144534778684 0.5466728280961183 0.206052393857272 0.1367837338262477
6 0.06523261065943992 0.5429759704251387 0.13046522131887983 0.17467652495378927
6 0.5200090334236676 0.6811460258780037 0.23084914182475158 0.12846580406654343
6 0.506323396567299 0.8960258780036968 0.3056910569105691 0.20794824399260628
2 0.6877371273712737 0.5434380776340111 0.5555103884372177 0.3807763401109057
2 0.20173893405600724 0.5702402957486137 0.40347786811201447 0.43807763401109057
2 0.43832429990966576 0.7744916820702403 0.7526196928635953 0.4510166358595194