6 0.2451219512195122 0.7125693160813309 0.17317073170731706 0.13863216266173753
6 0.41829268292682925 0.8059149722735675 0.1926829268292683 0.18114602587800369
6 0.6365853658536585 0.532347504621072 0.1024390243902439 0.08872458410351201
6 0.8378048780487805 0.6053604436229205 0.15365853658536585 0.11275415896487985
6 0.724390243902439 0.41589648798521256 0.12195121951219512 0.08872458410351201
6 0.9170731707317074 0.4537892791127542 0.1024390243902439 0.08317929759704251
1 0.8097560975609757 0.5083179297597042 0.17560975609756097 0.11460258780036968
1 0.2304878048780488 0.5942698706099815 0.16829268292682928 0.07948243992606285
1 0.5646341463414634 0.755083179297597 0.0951219512195122 0.09426987060998152
6 0.40487804878048783 0.5628465804066544 0.16585365853658537 0.11275415896487985
6 0.10853658536585366 0.6072088724584104 0.13414634146341464 0.15711645101663585
6 0.6341463414634146 0.6635859519408502 0.1951219512195122 0.09981515711645102
6 0.7024390243902439 0.8789279112754159 0.23902439024390243 0.1866913123844732
2 0.7548780487804878 0.5036968576709797 0.4560975609756098 0.31608133086876156
2 0.20853658536585365 0.6192236598890942 0.4170731707317073 0.3807763401109057
2 0.5963414634146341 0.7920517560073937 0.6073170731707317 0.41589648798521256