15 0.20130023640661937 0.7161616161616161 0.1082404593042891 0.19121830550401966
15 0.3073286052009456 0.8692640692640692 0.12988855116514694 0.21278086992372702
15 0.4825143532590341 0.9283549783549784 0.1640830800405269 0.14329004329004333
15 0.4403748733535967 0.7133786848072563 0.13458291117865584 0.22044939187796325
15 0.30403579871664976 0.6049680478251906 0.10824045930428901 0.19121830550401966
15 0.19594731509625127 0.5055040197897341 0.10766632894292467 0.15967841682127384
15 0.639935832489024 0.7918573490002062 0.22239108409321182 0.2900845186559473
15 0.7096588990206012 0.4935271078128221 0.28470111448834856 0.2934652648938364
15 0.4794663964876731 0.48381776953205524 0.17635933806146578 0.2634920634920635
15 0.5650455927051672 0.22249020820449392 0.2301925025329281 0.3016285301999588
15 0.4266041877744005 0.16539888682745824 0.14044241810199246 0.29212533498247784
15 0.28807835190813913 0.1453720882292311 0.123741979061128 0.20874046588332304
15 0.335629854778791 0.38056070913213774 0.16818642350557247 0.23153988868274586
15 0.21595744680851062 0.311976911976912 0.15241472475515028 0.19917542774685632