15 0.38333896206236634 0.10266955266955267 0.16830462681526506 0.1603586889301175
15 0.2489333558482495 0.20056689342403627 0.1884104469210852 0.1896516182230468
15 0.14757401778678375 0.3925582354153783 0.20946752223347964 0.23473510616367763
15 0.36217212653382863 0.3928159142444857 0.19532815490262292 0.19633065347351067
15 0.46298266351457834 0.24949494949494952 0.16830462681526523 0.1603586889301175
15 0.5543087920747495 0.1383735312306741 0.14316109422492407 0.15411255411255412
15 0.2790808285489137 0.619150690579262 0.2628222447371384 0.3122242836528551
15 0.51365529663402 0.7632240775097917 0.2736125182933694 0.3876314162028449
15 0.5440982776089159 0.4863121005978149 0.23551728019813123 0.2530612244897959
15 0.7469154564899245 0.6425066996495569 0.2728357536868176 0.3236239950525666
15 0.8229229989868287 0.48970315398886827 0.28679500168861854 0.22199546485260774
15 0.8364629066756726 0.32222222222222224 0.18450973770122703 0.18119975262832408
15 0.6417454688731284 0.3327045969903113 0.20875267364629066 0.23842506699649557
15 0.7088990206011482 0.20145330859616573 0.18035573567488455 0.2144712430426716