1 0.3265009508285792 0.16709160851672927 0.21502309155120894 0.194757559491859
1 0.17712578103776147 0.3715557344784398 0.20298831839174133 0.22566648774378242
3 0.41773974463461017 0.49400608337806406 0.17372996468350987 0.14501699767400258
10 0.8570225482205923 0.5414430130613705 0.1721814724259712 0.19198425478618725
10 0.6798967671828308 0.8231347289318304 0.2202662320021732 0.22991590624440875
2 0.3775876120619397 0.608583825371265 0.20904645476772615 0.0619073179459654
15 0.5632844335778321 0.25883431740919666 0.27913610431947833 0.2634192163177671
3 0.7339581635425155 0.39170692431562 0.14357511545775592 0.12582751833959568
3 0.6137326813365933 0.5908704598318125 0.22219505569138825 0.1914027554124173
1 0.8208095626188535 0.716362497763464 0.09402336321651716 0.10954553587403829
1 0.8699402336321651 0.3522544283413848 0.09997283346916605 0.10614600107353733
1 0.7538304808475957 0.2210144927536232 0.13159467535995648 0.15794417606011807
12 0.23141809290953544 0.5848989085704062 0.22431404509644118 0.2385042046877796
2 0.49686226568867153 0.8237833243871892 0.1768269491985874 0.2138575773841475
1 0.3902200488997555 0.7260690642333155 0.24281445259440373 0.18853998926462692
1 0.6107036131486009 0.10165056360708534 0.12298288508557474 0.1564233315441045