8 0.727944532209935 0.09251386321626617 0.20607337195014905 0.18502772643253235
2 0.7113480779357556 0.32794892859587865 0.20809197823415826 0.28033819401656745
10 0.48555380024574335 0.4602724721024167 0.10131648235913637 0.10030807147258161
10 0.546805336141829 0.787043883069761 0.15824117956819392 0.23115629492708994
3 0.341776373529928 0.7399397549120285 0.17876075127259963 0.1899363318956663
4 0.43062137967351233 0.27851372629561166 0.07790064946463054 0.11365783528445264
15 0.2913375460768826 0.4462072978708838 0.06621028611549945 0.162798658177586
8 0.509671757065122 0.14586157321832 0.2653501843075303 0.26257958513041696
3 0.26351588555380023 0.16633463407955087 0.18406178690538882 0.17825700006846035
2 0.15819729682288924 0.37350927637434106 0.17414428646656138 0.1545765728760183
12 0.14436545550289628 0.6448312452933525 0.203967000175531 0.2708564386937769
5 0.38404423380726704 0.5084343123160129 0.11799192557486393 0.2305606900800986
5 0.5657012462699667 0.3944820976244266 0.11119887660172025 0.12214006982953379
5 0.45537124802527645 0.3670192373519545 0.10551167281025102 0.07194495789689874
5 0.48934526944005624 0.5929759704251386 0.08436018957345987 0.12143492845895801
5 0.5799455853958224 0.5168583555829397 0.07753203440407233 0.13579105908126235
15 0.3456380551167281 0.30813308687615526 0.0922064244339126 0.11914150749640577
4 0.6794189924521677 0.5135927979735744 0.07962085308056886 0.12114739508454846
15 0.89440056169914 0.4728554802491956 0.18878357030015797 0.21916204559457794
8 0.4988590486220818 0.07128089272266722 0.08658943303493069 0.07264325323475046
1 0.7022994558539583 0.7420688710892038 0.10061435843426361 0.14642294790169108
1 0.691583289450588 0.6000924214417744 0.053150781112866335 0.05676730334771
1 0.735299280322977 0.5415896487985212 0.04386519220642441 0.06635859519408499
1 0.7853694927154643 0.6262511124803176 0.11235738107776029 0.058513041692339306
2 0.8876426189222397 0.6625111248031765 0.06324381253291202 0.08968987471760119
2 0.7740126382306477 0.6841753953583899 0.05367737405652095 0.08449373588005771
2 0.8273916096190976 0.6777058944341754 0.046936984377742845 0.061929212021633366