8 0.17654028436018956 0.2214109673444239 0.17377567140600317 0.24563565413842683
2 0.3902053712480253 0.22416307249948653 0.22906793048973143 0.24943520230026703
10 0.49170616113744076 0.480437461491066 0.08056872037914692 0.12064078866296978
10 0.7744865718799369 0.3867118504826453 0.1895734597156398 0.1900800985828713
3 0.7235387045813586 0.6305812281782707 0.15323854660347552 0.21314438283014997
4 0.3333333333333333 0.5570651057712057 0.09320695102685624 0.09357157527212988
15 0.4695892575039494 0.709406448962826 0.1358609794628752 0.08100225919079888
8 0.22393364928909953 0.4731053604436229 0.2109004739336493 0.31595810227972904
3 0.22867298578199052 0.7607516943930992 0.1429699842022117 0.21907989320188953
2 0.4004739336492891 0.8705791743684536 0.12322274881516587 0.2069624152803451
12 0.631911532385466 0.8594680632573424 0.2211690363349131 0.22684329431094694
5 0.5276461295418642 0.5964058328198809 0.1911532385466035 0.14302731567056884
5 0.4395734597156398 0.3907270486752927 0.09873617693522907 0.13267611419182582
5 0.41034755134281203 0.5220989936331896 0.05608214849921011 0.12491271308276855
5 0.6054502369668247 0.46712877387553914 0.0995260663507109 0.10129390018484291
5 0.5450236966824644 0.3658348736906963 0.11216429699842022 0.09363318956664615
15 0.3542654028436019 0.6548675292667898 0.0971563981042654 0.11041281577325943
4 0.54739336492891 0.24926062846580405 0.0995260663507109 0.09574861367837341
15 0.5209320695102686 0.055709591291846376 0.17298578199052134 0.11141918258369275
8 0.15955766192733017 0.49077839392072287 0.05766192733017378 0.10281371944957904
1 0.7440758293838863 0.207147258163894 0.12006319115323855 0.12084616964469093
1 0.6220379146919431 0.22920517560073936 0.045813586097946286 0.06338057095912919
1 0.5742496050552922 0.1817827069213391 0.054502369668246446 0.05274183610597658
1 0.6492890995260664 0.11734442390634628 0.044233807266982623 0.1326144998973095
2 0.6852290679304898 0.016399671390429246 0.07266982622432859 0.03279934278085849
2 0.69826224328594 0.12681248716368865 0.06951026856240126 0.06461285684945572
2 0.6954976303317536 0.06457178065311153 0.05055292259083728 0.05623331279523515