6 0.2116531165311653 0.6742144177449169 0.21208672086720873 0.1696446909016226
6 0.3590379403794038 0.7978229615937565 0.24390243902439024 0.21595810227972875
6 0.6412195121951219 0.5741938796467447 0.12739837398373988 0.10677757239679603
6 0.8204607046070461 0.6831792975970425 0.1856639566395665 0.14105565824604646
6 0.7559620596205963 0.4778804682686383 0.14701897018970203 0.1111316492092833
6 0.935989159891599 0.5513452454302732 0.1260162601626018 0.10119120969398228
1 0.8169376693766938 0.5838057095912919 0.20775067750677514 0.14641610186896692
1 0.22649051490514907 0.5569932224276033 0.18964769647696472 0.1107208872458412
1 0.5155691056910569 0.776319572807558 0.12265582655826558 0.11123433970014382
6 0.4056639566395664 0.5597966728280962 0.19669376693766938 0.14327377284863435
6 0.10372628726287263 0.5459334565619224 0.17951219512195124 0.18055042103101238
6 0.6065582655826558 0.7009036763195727 0.22205962059620604 0.13581844321215872
6 0.6201761517615176 0.9036249743273772 0.2914634146341463 0.19275005134524553
2 0.7460298102981029 0.5683918669131238 0.5079403794037941 0.3982337235571986
2 0.23562330623306232 0.5776134729924008 0.450650406504065 0.452823988498665
2 0.5367344173441735 0.7771821729307865 0.7217615176151762 0.44563565413842693