10 0.3437945791726106 0.6252390057361377 0.1797432239657632 0.17208413001912046
3 0.11911554921540657 0.8068833652007649 0.15549215406562053 0.12237093690248566
1 0.2731811697574893 0.39961759082217974 0.07560627674750357 0.06118546845124283
11 0.34736091298145505 0.4684512428298279 0.06990014265335236 0.0841300191204589
1 0.43580599144079885 0.4665391969407266 0.06419400855920114 0.05353728489483748
1 0.4864479315263909 0.7055449330783938 0.07988587731811697 0.13001912045889102
1 0.5049928673323824 0.5755258126195029 0.11126961483594865 0.13001912045889102
1 0.42796005706134094 0.8164435946462715 0.11697574893009986 0.08030592734225621
5 0.30385164051355207 0.8824091778202677 0.11982881597717546 0.13957934990439771
1 0.17118402282453637 0.5850860420650096 0.0456490727532097 0.1491395793499044
1 0.25320970042796004 0.7036328871892925 0.11840228245363767 0.1682600382409178
3 0.06276747503566334 0.6319311663479924 0.12553495007132667 0.16634799235181644
3 0.16690442225392296 0.4980879541108987 0.11982881597717546 0.08986615678776291
10 0.8452211126961484 0.34608030592734224 0.09272467902995721 0.03824091778202677
3 0.724679029957204 0.4072657743785851 0.09700427960057062 0.0841300191204589
3 0.8495007132667618 0.4732313575525813 0.09272467902995721 0.13193116634799235
3 0.9507845934379457 0.5401529636711281 0.052781740370898715 0.06309751434034416
1 0.9386590584878745 0.43021032504780116 0.07132667617689016 0.08795411089866156
1 0.7339514978601998 0.26673040152963673 0.06990014265335236 0.055449330783938815
3 0.6747503566333809 0.31644359464627153 0.06562054208273894 0.04397705544933078
1 0.8024251069900142 0.29063097514340347 0.06134094151212553 0.06118546845124283
1 0.9358059914407989 0.3365200764818356 0.042796005706134094 0.0497131931166348
4 0.6968616262482168 0.14244741873804972 0.08701854493580599 0.18164435946462715
4 0.20756062767475036 0.05449330783938815 0.08416547788873038 0.1089866156787763
3 0.5734664764621968 0.13766730401529637 0.07703281027104136 0.06118546845124283
3 0.48074179743223966 0.13193116634799235 0.07132667617689016 0.045889101338432124
3 0.6369472182596291 0.13001912045889102 0.052781740370898715 0.07648183556405354
1 0.5927246790299572 0.06118546845124283 0.0442225392296719 0.07265774378585087
10 0.5406562054208274 0.07839388145315487 0.04850213980028531 0.0497131931166348
1 0.44935805991440797 0.08126195028680688 0.05135520684736091 0.04397705544933078
1 0.5028530670470756 0.06596558317399617 0.029957203994293864 0.021032504780114723