10 0.6038648491572886 0.6786381984278734 0.14025994610873352 0.25468451242829837
3 0.738355259681936 0.914733375823242 0.09531885665979804 0.09065222009772665
1 0.4349500713266761 0.7753346080305927 0.05078459343794566 0.10613979179944753
11 0.486656628097427 0.6750902910558741 0.06704179214878224 0.10042489908646678
1 0.4858192000845354 0.5564372211599745 0.0440270513023722 0.09046101550881669
1 0.6642521265916416 0.48645634161886553 0.10233000475511177 0.11780327172296574
1 0.5673165319385005 0.4630337794773742 0.10397316003592762 0.1599107711918419
1 0.747025413430549 0.5638517102188231 0.06772335816558345 0.16347992351816443
5 0.7953347070322819 0.7299341406415977 0.11207270037512547 0.17185043552156354
1 0.5729275637977492 0.9107074569789674 0.11415438262799178 0.07267898874017434
1 0.6618798541765731 0.799150201827066 0.13344956939821417 0.17216910983641392
3 0.5074100491361547 0.9031230082855323 0.07361441327204535 0.13996175908221806
10 0.397622444127437 0.03597833014659019 0.03347598668568716 0.07195666029318037
3 0.44299149363343376 0.1698534098151689 0.06927141121149687 0.13683875079668578
3 0.49285412373857457 0.03465052050138092 0.10268399640724897 0.06930104100276184
1 0.33810693717969037 0.15839175695772253 0.045622655465736836 0.0981941788825154
3 0.3748533840545253 0.2375717017208413 0.036936651344639894 0.09194816231145106
1 0.356427326042162 0.06635861482897812 0.04964865007661015 0.08697684299978756
4 0.24531621493105088 0.2093902698109199 0.14110001585037246 0.1315700021244954
4 0.17700110952607384 0.8668047588697684 0.08674380514608758 0.1216486084554919
3 0.2411264331378454 0.3752496282132993 0.05082686109790245 0.108051837688549
3 0.23637396312146672 0.4995007435734013 0.03853225550800437 0.09968132568514976
3 0.23566862154593965 0.28989802421924793 0.06082844613515084 0.07714042914807731
1 0.18414434405875207 0.3499256426598683 0.057008506366566236 0.06545570427023585
10 0.19675331536957785 0.4195347355003187 0.03999577323400438 0.06921606118546854
1 0.19838854546415174 0.5419694072657745 0.0358007079833043 0.07278521351179083
1 0.18716384001690706 0.47036328871892924 0.017313890209753255 0.0420862545145527